tree
version=v4
num_class=1
num_tree_per_iteration=1
label_index=0
max_feature_idx=27
objective=binary sigmoid:1
feature_names=surface track_condition venue distance distance_cat weight_carried horse_no age sex horse_weight popularity rank_avg3 rank_avg5 rank_best5 speed_fig_avg3 last3f_avg3 wins_last5 places_last5 days_since_prev weight_trend3 jockey_win_rate jockey_place_rate jockey_rides jockey_longshot_win_rate jockey_longshot_place_rate trainer_win_rate trainer_place_rate sire_win_rate
feature_infos=-1:0:1 -1:2:1:3:0 -1:7:9:1:2:5:0:4:8:3:6 [1000:4260] -1:0:2:1:3 [48:63.5] [1:18] [2:12] -1:2:1:0 [0:999] [0:18] [0:18] [0:18] [0:18] [-1561:443] [0:95.400000000000006] [0:5] [0:5] [5:4998] [-561:556] [0:0.29712041884816753] [0:1] [1:14628] [0:0.33333333333333331] [0:1] [0:0.5] [0:1] [0:0.66666666666666663]
tree_sizes=3471 3509

Tree=0
num_leaves=31
num_cat=0
split_feature=10 10 10 10 10 10 10 10 10 27 27 10 27 10 27 27 27 27 10 27 23 27 14 14 27 14 27 27 27 27
split_gain=1.18706e+06 133936 115243 24624.7 17440.9 17132.5 16622.6 10215 4307.87 2711.94 2560.06 2526.15 2440.36 2164.34 2120.09 2119.39 1844.27 1682.14 1580.08 910.645 888.846 874.835 869.267 867.346 813.891 777.666 744.515 741.86 736.642 657.918
threshold=5.5000000000000009 2.5000000000000004 8.5000000000000018 1.0000000180025095e-35 11.500000000000002 1.5000000000000002 3.5000000000000004 6.5000000000000009 4.5000000000000009 0.036982801462873853 0.052854482289316294 7.5000000000000009 0.035772452303396936 13.500000000000002 0.027482517482517486 0.01879725814430076 1.0000000180025095e-35 0.038597623806627034 9.5000000000000018 0.082143010829807087 0.0099277630557087059 0.021536231884057972 -7.2916666666666652 -4.4166666666666652 0.015504807692307694 -8.9166666666666661 0.053487631339455617 0.015504807692307694 1.0000000180025095e-35 0.049805066857621587
decision_type=2 2 2 2 2 2 2 2 2 10 10 2 10 2 10 8 8 8 2 10 10 8 8 10 8 10 10 8 8 10
left_child=1 3 7 -1 10 24 15 17 14 21 -4 20 27 23 -8 -3 -7 -2 -12 -19 -11 -9 -20 -6 28 -13 -17 -10 -5 -18
right_child=2 6 4 5 13 16 8 9 12 11 18 25 -14 -15 -16 26 29 19 22 -21 -22 -23 -24 -25 -26 -27 -28 -29 -30 -31
leaf_value=-2.6316475526981384 -2.4162261784459873 -2.516494543949872 -2.5307259225826346 -2.631647552698138 -2.5744463021889192 -2.6316475526981384 -2.4054668055779014 -2.6112422542310014 -2.6316475526981384 -2.4889870713958886 -2.4463724460098217 -2.4375722745742698 -2.2401239692858299 -2.6008456220846412 -2.1847899551585943 -2.1564652307526933 -2.0935755494471522 -2.3075316732102689 -2.5222386974516438 -2.2616521237560407 -2.3510342486851097 -2.4610595730060085 -2.4777082418706362 -2.5340433000660485 -1.9732546130423385 -2.3921069188421673 -2.1159709522933947 -2.3709705533784384 -2.0310974183246406 -2.0513417045996256
leaf_weight=158.61208127439022 293.42612861841917 34.307755261659622 2948.9711294472218 8.8555132225155848 3130.9758912548423 13.906435579061506 110.62271295487881 129.07239911705256 31.748654812574387 120.00131518393755 2846.6350132226944 1530.1100491061807 5724.6371852457523 6006.8214709758759 6747.1107670217752 1360.716199606657 1021.7918224558234 3427.1342425495386 1691.1035010814667 1580.2760197743773 4326.8217303901911 389.84259631484747 3113.8535575643182 2307.1387230455875 15657.123974636197 2440.9007122144103 6845.1776690259576 194.49316997081041 12.060345776379107 9453.848901219666
leaf_count=2418 3305 450 39456 135 44421 212 1224 1919 484 1513 33649 17838 45848 88153 47137 8794 5416 31717 22361 13285 43522 4714 38611 31010 48174 26405 39116 2028 50 42731
internal_value=-2.25053 -2.0857 -2.46574 -2.01053 -2.53736 -2.00676 -2.17972 -2.35486 -2.21536 -2.38748 -2.49115 -2.38064 -2.24649 -2.58016 -2.18835 -2.12433 -2.05623 -2.29987 -2.47589 -2.29305 -2.35476 -2.49842 -2.49338 -2.55731 -1.97367 -2.40963 -2.12269 -2.40755 -2.28536 -2.05546
internal_weight=83658.1 47375 36283.1 26326.2 22045.5 26167.6 21048.8 14237.6 12808.6 8936.75 10600.6 8417.83 5950.88 11444.9 6857.73 8240.2 10489.5 5300.84 7651.59 5007.41 4446.82 518.915 4804.96 5438.11 15678 3971.01 8205.89 226.242 20.9159 10475.6
internal_count=686096 244217 441879 99136 297661 96718 145081 144218 96721 95911 134077 89278 48360 163584 48361 48360 48359 48307 94621 45002 45035 6633 60972 75431 48359 44243 47910 2512 185 48147
is_linear=0
shrinkage=1


Tree=1
num_leaves=31
num_cat=0
split_feature=10 10 10 10 10 10 10 10 27 10 27 23 10 14 10 27 27 27 25 27 20 27 27 23 18 25 23 27 27 27
split_gain=473084 48156.4 44371.8 8704.3 7798.65 7555.38 4016.23 3871.59 1953.38 1852.67 1752.85 1392.96 1376.46 1215.18 1177.66 951.718 900.225 886.744 720.593 702.918 662.54 658.382 581.001 553.195 520.719 495.305 459.703 442.528 427.387 401.131
threshold=6.5000000000000009 3.5000000000000004 10.500000000000002 1.0000000180025095e-35 1.5000000000000002 8.5000000000000018 4.5000000000000009 13.500000000000002 0.015504807692307694 2.5000000000000004 0.021536231884057972 0.015106984614699533 7.5000000000000009 -2.7083333333333326 5.5000000000000009 0.021536231884057972 1.0000000180025095e-35 0.049085139947893021 0.039988412514484366 0.072116140718124486 0.054889685892863381 0.046038868090728921 0.015504807692307694 0.040905569757533511 15.500000000000002 0.06168232207836169 0.010994094387250559 0.0531582936490912 0.085166827852998075 0.11096590579078819
decision_type=2 2 2 2 2 2 2 2 8 2 8 10 2 10 2 8 8 10 2 10 2 10 8 10 10 2 10 10 10 10
left_child=1 3 5 -1 -5 10 15 13 -8 22 -2 28 18 20 21 -3 -11 -13 -12 -14 -4 -10 -6 -16 -19 -9 -15 -17 -7 -22
right_child=2 6 7 4 9 11 8 25 14 16 12 17 19 26 23 27 -18 24 -20 -21 29 -23 -24 -25 -26 -27 -28 -29 -30 -31
leaf_value=-0.053597988126256685 -0.032671683038117294 0.06644354118885612 -0.00013381839101261496 0.34598212901011999 0.077501417321115873 0.034604320009699284 -0.028363371479231882 -0.033899509759585382 0.19381258341367957 -0.054037103337062846 0.11790152314587521 0.058514094856707215 0.11924326854794985 -0.014016175302412219 0.2066156338089194 0.24296699187245741 0.29347832284886632 0.080005306026449882 0.17821270354761265 0.15792541227625442 0.031774629297703465 0.24258967434783268 0.31928369659078443 0.29023795503870337 0.11619345339507299 -0.0041770777131069463 0.056616598426339884 0.27142101913527172 0.10915059638226549 0.14679199724385558
leaf_weight=151.4221116900444 125.41432612389326 59.88061460852623 3135.4393777549267 25601.863864645362 24.885175608098507 1298.5163757577538 76.688593573868275 3589.4921636581421 767.04985003173351 18.664652332663536 549.36959630995989 1129.6493677720428 2751.812967941165 246.8649018034339 6444.9852827861905 1658.5267353281379 11962.47051474452 1319.5488874986768 5028.4410238713026 2048.8142077028751 2043.9927988648415 7052.6970148682594 16057.601928040385 204.03734508156776 4029.9145572185516 2299.6606437563896 3445.2811902686954 7759.2381769195199 225.68597469478846 78.724937327206135
leaf_count=2418 1919 655 43700 48359 270 16305 1064 54500 5594 270 5268 14192 27713 3400 46581 9243 48090 15116 42019 18992 27156 42282 48089 1146 43498 33653 42810 38463 2459 872
internal_value=0.231178 0.298683 0.0736022 0.324958 0.326026 0.125248 0.23982 0.00919143 0.223317 0.307821 0.153134 0.0886494 0.15538 0.0299078 0.224651 0.265147 0.292937 0.0987668 0.172273 0.135752 0.0144697 0.237805 0.31891 0.209182 0.107267 -0.0222932 0.0518939 0.26641 0.0456423 0.0360403
internal_weight=111187 77840 33346.6 53816.9 53665.5 18507.2 24023.1 14839.5 14545.5 28063.6 10503.9 8003.32 10378.4 8950.3 14468.8 9477.65 11981.1 6479.11 5577.81 4800.63 5258.16 7819.75 16082.5 6649.02 5349.46 5889.15 3692.15 9417.76 1524.2 2122.72
internal_count=686096 292524 393572 147496 145078 187481 145028 206091 96667 96719 95911 91570 93992 117938 95603 48361 48360 72806 47287 46705 71728 47876 48359 47727 58614 88153 46210 47706 18764 28028
is_linear=0
shrinkage=0.05


end of trees

feature_importances:
sire_win_rate=25
popularity=23
speed_fig_avg3=4
jockey_longshot_win_rate=4
trainer_win_rate=2
days_since_prev=1
jockey_win_rate=1

parameters:
[boosting: gbdt]
[objective: binary]
[metric: binary_logloss]
[tree_learner: serial]
[device_type: cpu]
[data_sample_strategy: bagging]
[data: ]
[valid: ]
[num_iterations: 1000]
[learning_rate: 0.05]
[num_leaves: 31]
[num_threads: 12]
[seed: 42]
[deterministic: 0]
[force_col_wise: 0]
[force_row_wise: 0]
[histogram_pool_size: -1]
[max_depth: 6]
[min_data_in_leaf: 50]
[min_sum_hessian_in_leaf: 0.001]
[bagging_fraction: 1]
[pos_bagging_fraction: 1]
[neg_bagging_fraction: 1]
[bagging_freq: 0]
[bagging_seed: 400]
[bagging_by_query: 0]
[feature_fraction: 1]
[feature_fraction_bynode: 1]
[feature_fraction_seed: 30056]
[extra_trees: 0]
[extra_seed: 12879]
[early_stopping_round: 0]
[early_stopping_min_delta: 0]
[first_metric_only: 0]
[max_delta_step: 0]
[lambda_l1: 0]
[lambda_l2: 0]
[linear_lambda: 0]
[min_gain_to_split: 0]
[drop_rate: 0.1]
[max_drop: 50]
[skip_drop: 0.5]
[xgboost_dart_mode: 0]
[uniform_drop: 0]
[drop_seed: 17869]
[top_rate: 0.2]
[other_rate: 0.1]
[min_data_per_group: 100]
[max_cat_threshold: 32]
[cat_l2: 10]
[cat_smooth: 10]
[max_cat_to_onehot: 4]
[top_k: 20]
[monotone_constraints: ]
[monotone_constraints_method: basic]
[monotone_penalty: 0]
[feature_contri: ]
[forcedsplits_filename: ]
[refit_decay_rate: 0.9]
[cegb_tradeoff: 1]
[cegb_penalty_split: 0]
[cegb_penalty_feature_lazy: ]
[cegb_penalty_feature_coupled: ]
[path_smooth: 0]
[interaction_constraints: ]
[verbosity: -1]
[saved_feature_importance_type: 0]
[use_quantized_grad: 0]
[num_grad_quant_bins: 4]
[quant_train_renew_leaf: 0]
[stochastic_rounding: 1]
[linear_tree: 0]
[max_bin: 255]
[max_bin_by_feature: ]
[min_data_in_bin: 3]
[bin_construct_sample_cnt: 200000]
[data_random_seed: 175]
[is_enable_sparse: 1]
[enable_bundle: 1]
[use_missing: 1]
[zero_as_missing: 0]
[feature_pre_filter: 1]
[pre_partition: 0]
[two_round: 0]
[header: 0]
[label_column: ]
[weight_column: ]
[group_column: ]
[ignore_column: ]
[categorical_feature: 0,1,2,4,8]
[forcedbins_filename: ]
[precise_float_parser: 0]
[parser_config_file: ]
[objective_seed: 16083]
[num_class: 1]
[is_unbalance: 0]
[scale_pos_weight: 13.1688]
[sigmoid: 1]
[boost_from_average: 1]
[reg_sqrt: 0]
[alpha: 0.9]
[fair_c: 1]
[poisson_max_delta_step: 0.7]
[tweedie_variance_power: 1.5]
[lambdarank_truncation_level: 30]
[lambdarank_norm: 1]
[label_gain: ]
[lambdarank_position_bias_regularization: 0]
[eval_at: ]
[multi_error_top_k: 1]
[auc_mu_weights: ]
[num_machines: 1]
[local_listen_port: 12400]
[time_out: 120]
[machine_list_filename: ]
[machines: ]
[gpu_platform_id: -1]
[gpu_device_id: -1]
[gpu_use_dp: 0]
[num_gpu: 1]

end of parameters

pandas_categorical:[["\u30c0\u30fc\u30c8", "\u829d"], ["\u4e0d", "\u7a0d", "\u826f", "\u91cd"], ["\u4e2d\u4eac", "\u4e2d\u5c71", "\u4eac\u90fd", "\u51fd\u9928", "\u5c0f\u5009", "\u65b0\u6f5f", "\u672d\u5e4c", "\u6771\u4eac", "\u798f\u5cf6", "\u962a\u795e"], ["\u30de\u30a4\u30eb", "\u4e2d\u8ddd\u96e2", "\u77ed\u8ddd\u96e2", "\u9577\u8ddd\u96e2"], ["\u30bb", "\u725d", "\u7261"]]
